0.000000e+00 
3.891051e-03 
7.782101e-03 
1.167315e-02 
1.556420e-02 
1.945525e-02 
2.334630e-02 
2.723735e-02 
3.112840e-02 
3.501945e-02 
3.891050e-02 
4.280156e-02 
4.669261e-02 
5.058366e-02 
5.447471e-02 
5.836576e-02 
6.225681e-02 
6.614786e-02 
7.003891e-02 
7.392996e-02 
7.782101e-02 
8.171206e-02 
8.560311e-02 
8.949416e-02 
9.338521e-02 
9.727626e-02 
1.011673e-01 
1.050584e-01 
1.089494e-01 
1.128405e-01 
1.167315e-01 
1.206226e-01 
1.245136e-01 
1.284047e-01 
1.322957e-01 
1.361868e-01 
1.400778e-01 
1.439689e-01 
1.478599e-01 
1.517510e-01 
1.556420e-01 
1.595331e-01 
1.634241e-01 
1.673152e-01 
1.712062e-01 
1.750973e-01 
1.789883e-01 
1.828794e-01 
1.867704e-01 
1.906615e-01 
1.945525e-01 
1.984436e-01 
2.023346e-01 
2.062257e-01 
2.101167e-01 
2.140078e-01 
2.178988e-01 
2.217899e-01 
2.256809e-01 
2.295720e-01 
2.334630e-01 
2.373541e-01 
2.412451e-01 
2.451362e-01 
2.490272e-01 
2.529183e-01 
2.568093e-01 
2.607004e-01 
2.645914e-01 
2.684825e-01 
2.723735e-01 
2.762646e-01 
2.801556e-01 
2.840467e-01 
2.879377e-01 
2.918288e-01 
2.957198e-01 
2.996109e-01 
3.035019e-01 
3.073930e-01 
3.112840e-01 
3.151751e-01 
3.190661e-01 
3.229572e-01 
3.268482e-01 
3.307393e-01 
3.346303e-01 
3.385214e-01 
3.424124e-01 
3.463035e-01 
3.501945e-01 
3.540856e-01 
3.579766e-01 
3.618677e-01 
3.657587e-01 
3.696498e-01 
3.735408e-01 
3.774319e-01 
3.813230e-01 
3.852140e-01 
3.891051e-01 
3.929961e-01 
3.968872e-01 
4.007782e-01 
4.046693e-01 
4.085603e-01 
4.124514e-01 
4.163424e-01 
4.202335e-01 
4.241245e-01 
4.280156e-01 
4.319066e-01 
4.357977e-01 
4.396887e-01 
4.435798e-01 
4.474708e-01 
4.513619e-01 
4.552529e-01 
4.591440e-01 
4.630350e-01 
4.669261e-01 
4.708171e-01 
4.747082e-01 
4.785992e-01 
4.824903e-01 
4.863813e-01 
4.902724e-01 
4.941634e-01 
4.980545e-01 
5.019455e-01 
5.058365e-01 
5.097276e-01 
5.136186e-01 
5.175097e-01 
5.214007e-01 
5.252918e-01 
5.291829e-01 
5.330739e-01 
5.369650e-01 
5.408560e-01 
5.447471e-01 
5.486381e-01 
5.525292e-01 
5.564202e-01 
5.603113e-01 
5.642023e-01 
5.680934e-01 
5.719844e-01 
5.758755e-01 
5.797665e-01 
5.836576e-01 
5.875486e-01 
5.914397e-01 
5.953307e-01 
5.992218e-01 
6.031128e-01 
6.070039e-01 
6.108949e-01 
6.147860e-01 
6.186770e-01 
6.225681e-01 
6.264591e-01 
6.303502e-01 
6.342412e-01 
6.381323e-01 
6.420233e-01 
6.459144e-01 
6.498054e-01 
6.536965e-01 
6.575875e-01 
6.614786e-01 
6.653696e-01 
6.692607e-01 
6.731517e-01 
6.770428e-01 
6.809338e-01 
6.848249e-01 
6.887159e-01 
6.926070e-01 
6.964980e-01 
7.003891e-01 
7.042801e-01 
7.081712e-01 
7.120622e-01 
7.159533e-01 
7.198443e-01 
7.237354e-01 
7.276264e-01 
7.315175e-01 
7.354085e-01 
7.392996e-01 
7.431906e-01 
7.470817e-01 
7.509727e-01 
7.548638e-01 
7.587548e-01 
7.626459e-01 
7.665370e-01 
7.704280e-01 
7.743191e-01 
7.782101e-01 
7.821012e-01 
7.859922e-01 
7.898833e-01 
7.937743e-01 
7.976654e-01 
8.015564e-01 
8.054475e-01 
8.093385e-01 
8.132296e-01 
8.171206e-01 
8.210117e-01 
8.249027e-01 
8.287938e-01 
8.326848e-01 
8.365759e-01 
8.404669e-01 
8.443580e-01 
8.482490e-01 
8.521401e-01 
8.560311e-01 
8.599222e-01 
8.638132e-01 
8.677043e-01 
8.715953e-01 
8.754864e-01 
8.793774e-01 
8.832685e-01 
8.871595e-01 
8.910506e-01 
8.949416e-01 
8.988327e-01 
9.027237e-01 
9.066148e-01 
9.105058e-01 
9.143969e-01 
9.182879e-01 
9.221790e-01 
9.260700e-01 
9.299611e-01 
9.338521e-01 
9.377432e-01 
9.416342e-01 
9.455253e-01 
9.494163e-01 
9.533074e-01 
9.571984e-01 
9.610895e-01 
9.649805e-01 
9.688716e-01 
9.727626e-01 
9.766537e-01 
9.805447e-01 
9.844358e-01 
9.883268e-01 
9.922179e-01 
9.961089e-01 
