0.000000000000000000e+00
3.891050999999999972e-03
7.782100999999999602e-03
1.167315000000000019e-02
1.556420000000000026e-02
1.945525000000000032e-02
2.334630000000000039e-02
2.723735000000000045e-02
3.112840000000000051e-02
3.501945000000000058e-02
3.891050000000000064e-02
4.280156000000000238e-02
4.669261000000000245e-02
5.058366000000000251e-02
5.447471000000000257e-02
5.836576000000000264e-02
6.225681000000000270e-02
6.614786000000000277e-02
7.003890999999999589e-02
7.392996000000000290e-02
7.782100999999999602e-02
8.171206000000000302e-02
8.560310999999999615e-02
8.949416000000000315e-02
9.338520999999999628e-02
9.727626000000000328e-02
1.011673000000000017e-01
1.050583999999999962e-01
1.089494000000000018e-01
1.128404999999999964e-01
1.167315000000000019e-01
1.206225999999999965e-01
1.245136000000000021e-01
1.284047000000000105e-01
1.322956999999999883e-01
1.361867999999999967e-01
1.400778000000000023e-01
1.439689000000000108e-01
1.478598999999999886e-01
1.517509999999999970e-01
1.556420000000000026e-01
1.595331000000000110e-01
1.634240999999999888e-01
1.673151999999999973e-01
1.712062000000000028e-01
1.750973000000000113e-01
1.789882999999999891e-01
1.828793999999999975e-01
1.867704000000000031e-01
1.906615000000000115e-01
1.945524999999999893e-01
1.984435999999999978e-01
2.023346000000000033e-01
2.062257000000000118e-01
2.101166999999999896e-01
2.140077999999999980e-01
2.178988000000000036e-01
2.217899000000000120e-01
2.256808999999999898e-01
2.295719999999999983e-01
2.334630000000000039e-01
2.373541000000000123e-01
2.412450999999999901e-01
2.451361999999999985e-01
2.490272000000000041e-01
2.529182999999999848e-01
2.568093000000000181e-01
2.607003999999999988e-01
2.645913999999999766e-01
2.684825000000000128e-01
2.723734999999999906e-01
2.762646000000000268e-01
2.801556000000000046e-01
2.840466999999999853e-01
2.879377000000000186e-01
2.918287999999999993e-01
2.957197999999999771e-01
2.996109000000000133e-01
3.035018999999999911e-01
3.073930000000000273e-01
3.112840000000000051e-01
3.151750999999999858e-01
3.190661000000000191e-01
3.229571999999999998e-01
3.268481999999999776e-01
3.307393000000000138e-01
3.346302999999999916e-01
3.385213999999999723e-01
3.424124000000000057e-01
3.463034999999999863e-01
3.501945000000000197e-01
3.540856000000000003e-01
3.579765999999999782e-01
3.618677000000000143e-01
3.657586999999999922e-01
3.696497999999999728e-01
3.735408000000000062e-01
3.774318999999999868e-01
3.813230000000000230e-01
3.852140000000000009e-01
3.891050999999999815e-01
3.929961000000000149e-01
3.968871999999999955e-01
4.007781999999999734e-01
4.046693000000000096e-01
4.085602999999999874e-01
4.124514000000000236e-01
4.163424000000000014e-01
4.202334999999999821e-01
4.241245000000000154e-01
4.280155999999999961e-01
4.319065999999999739e-01
4.357977000000000101e-01
4.396886999999999879e-01
4.435798000000000241e-01
4.474708000000000019e-01
4.513618999999999826e-01
4.552529000000000159e-01
4.591439999999999966e-01
4.630349999999999744e-01
4.669261000000000106e-01
4.708170999999999884e-01
4.747082000000000246e-01
4.785992000000000024e-01
4.824902999999999831e-01
4.863813000000000164e-01
4.902723999999999971e-01
4.941633999999999749e-01
4.980545000000000111e-01
5.019455000000000444e-01
5.058365000000000222e-01
5.097275999999999474e-01
5.136186000000000362e-01
5.175096999999999614e-01
5.214007000000000502e-01
5.252917999999999754e-01
5.291829000000000116e-01
5.330738999999999894e-01
5.369650000000000256e-01
5.408560000000000034e-01
5.447471000000000396e-01
5.486381000000000174e-01
5.525292000000000536e-01
5.564202000000000314e-01
5.603112999999999566e-01
5.642023000000000454e-01
5.680933999999999706e-01
5.719843999999999484e-01
5.758754999999999846e-01
5.797664999999999624e-01
5.836575999999999986e-01
5.875485999999999764e-01
5.914397000000000126e-01
5.953306999999999904e-01
5.992218000000000266e-01
6.031128000000000045e-01
6.070039000000000406e-01
6.108949000000000185e-01
6.147860000000000547e-01
6.186770000000000325e-01
6.225680999999999576e-01
6.264591000000000465e-01
6.303501999999999716e-01
6.342411999999999495e-01
6.381322999999999857e-01
6.420232999999999635e-01
6.459143999999999997e-01
6.498053999999999775e-01
6.536965000000000137e-01
6.575874999999999915e-01
6.614786000000000277e-01
6.653696000000000055e-01
6.692607000000000417e-01
6.731517000000000195e-01
6.770427999999999447e-01
6.809338000000000335e-01
6.848248999999999587e-01
6.887159000000000475e-01
6.926069999999999727e-01
6.964979999999999505e-01
7.003890999999999867e-01
7.042800999999999645e-01
7.081712000000000007e-01
7.120621999999999785e-01
7.159533000000000147e-01
7.198442999999999925e-01
7.237354000000000287e-01
7.276264000000000065e-01
7.315175000000000427e-01
7.354085000000000205e-01
7.392995999999999457e-01
7.431906000000000345e-01
7.470816999999999597e-01
7.509727000000000485e-01
7.548637999999999737e-01
7.587547999999999515e-01
7.626458999999999877e-01
7.665370000000000239e-01
7.704280000000000017e-01
7.743191000000000379e-01
7.782101000000000157e-01
7.821012000000000519e-01
7.859922000000000297e-01
7.898832999999999549e-01
7.937743000000000437e-01
7.976653999999999689e-01
8.015563999999999467e-01
8.054474999999999829e-01
8.093384999999999607e-01
8.132295999999999969e-01
8.171205999999999747e-01
8.210117000000000109e-01
8.249026999999999887e-01
8.287938000000000249e-01
8.326848000000000027e-01
8.365759000000000389e-01
8.404669000000000167e-01
8.443580000000000529e-01
8.482490000000000308e-01
8.521400999999999559e-01
8.560311000000000448e-01
8.599221999999999699e-01
8.638131999999999477e-01
8.677042999999999839e-01
8.715952999999999617e-01
8.754863999999999979e-01
8.793773999999999758e-01
8.832685000000000120e-01
8.871594999999999898e-01
8.910506000000000260e-01
8.949416000000000038e-01
8.988327000000000400e-01
9.027237000000000178e-01
9.066148000000000540e-01
9.105058000000000318e-01
9.143968999999999570e-01
9.182879000000000458e-01
9.221789999999999710e-01
9.260699999999999488e-01
9.299610999999999850e-01
9.338520999999999628e-01
9.377431999999999990e-01
9.416341999999999768e-01
9.455253000000000130e-01
9.494162999999999908e-01
9.533074000000000270e-01
9.571984000000000048e-01
9.610895000000000410e-01
9.649805000000000188e-01
9.688716000000000550e-01
9.727626000000000328e-01
9.766536999999999580e-01
9.805447000000000468e-01
9.844357999999999720e-01
9.883267999999999498e-01
9.922178999999999860e-01
9.961088999999999638e-01
